1	安徽	0	5
2	安庆	1	2
3	安庆市	2	1
4	怀宁县	2	2
5	潜山县	2	3
6	宿松县	2	4
7	太湖县	2	5
8	桐城市	2	6
9	望江县	2	7
10	岳西县	2	8
11	枞阳县	2	9
12	蚌埠	1	3
13	蚌埠市	12	1
14	固镇县	12	2
15	怀远县	12	3
16	五河县	12	4
17	巢湖	1	4
18	巢湖市	17	1
19	含山县	17	2
20	和县	17	3
21	庐江县	17	4
22	无为县	17	5
23	池州	1	5
24	池州市	23	1
25	东至县	23	2
26	青阳县	23	3
27	石台县	23	4
28	滁州	1	6
29	滁州市	28	1
30	定远县	28	2
31	凤阳县	28	3
32	来安县	28	4
33	明光市	28	5
34	全椒县	28	6
35	天长市	28	7
36	阜阳	1	7
37	阜南县	36	1
38	阜阳市	36	2
39	界首市	36	3
40	临泉县	36	4
41	太和县	36	5
42	颖上县	36	6
43	合肥	1	1
44	长丰县	43	1
45	肥东县	43	2
46	肥西县	43	3
47	包河区	43	4
48	淮北	1	8
49	淮北市	48	1
50	濉溪县	48	2
51	淮南	1	9
52	凤台县	51	1
53	淮南市	51	2
54	黄山	1	10
55	黄山市	54	1
56	祁门县	54	2
57	休宁县	54	3
58	歙县	54	4
59	黟县	54	5
60	六安	1	11
61	霍邱县	60	1
62	霍山县	60	2
63	金寨县	60	3
64	六安市	60	4
65	寿县	60	5
66	舒城县	60	6
67	马鞍山	1	12
68	当涂县	67	1
69	马鞍山市	67	2
70	宿州	1	13
71	灵璧县	70	1
72	宿州市	70	2
73	萧县	70	3
74	泗县	70	4
75	砀山县	70	5
76	铜陵	1	14
77	铜陵市	76	1
78	铜陵县	76	2
79	芜湖	1	15
80	繁昌县	79	1
81	南陵县	79	2
82	芜湖市	79	3
83	芜湖县	79	4
84	宣城	1	16
85	广德县	84	1
86	绩溪县	84	2
87	郎溪县	84	3
88	宁国市	84	4
89	宣城市	84	5
90	泾县	84	6
91	旌德县	84	7
92	亳州	1	17
93	利辛县	92	1
94	蒙城县	92	2
95	涡阳县	92	3
96	亳州市	92	4
97	北京	0	1
98	北京	97	1
99	东城区	98	1
100	密云县	98	15
101	延庆县	98	16
102	福建	0	10
103	福州	102	1
104	长乐市	103	7
105	福清市	103	8
106	鼓楼区	103	1
107	连江县	103	9
108	罗源县	103	10
109	闽侯县	103	11
110	闽清县	103	12
111	平潭县	103	13
112	永泰县	103	14
113	龙岩	102	2
114	长汀县	113	1
115	连城县	113	2
116	龙岩市	113	3
117	上杭县	113	4
118	武平县	113	5
119	永定县	113	6
120	漳平市	113	7
121	南平	102	3
122	光泽县	121	1
123	建阳市	121	2
124	建瓯市	121	3
125	南平市	121	4
126	浦城县	121	5
127	邵武市	121	6
128	顺昌县	121	7
129	松溪县	121	8
130	武夷山市	121	9
131	政和县	121	10
132	宁德	102	4
133	福安市	132	1
134	福鼎市	132	2
135	古田县	132	3
136	宁德市	132	4
137	屏南县	132	5
138	寿宁县	132	6
139	霞浦县	132	7
140	周宁县	132	8
141	柘荣县	132	9
142	莆田	102	5
143	莆田市	142	1
144	仙游县	142	2
145	泉州	102	6
146	安溪县	145	1
147	德化县	145	2
148	惠安县	145	3
149	金门县	145	4
150	晋江市	145	5
151	南安市	145	6
152	泉州市	145	7
153	石狮市	145	8
154	永春县	145	9
155	三明	102	7
156	大田县	155	1
157	建宁县	155	2
158	将乐县	155	3
159	明溪县	155	4
160	宁化县	155	5
161	清流县	155	6
162	三明市	155	7
163	沙县	155	8
164	泰宁县	155	9
165	永安市	155	10
166	尤溪县	155	11
167	厦门	102	8
168	厦门市	167	1
169	漳州	102	9
170	长泰县	169	1
171	东山县	169	2
172	华安县	169	3
173	龙海市	169	4
174	南靖县	169	5
175	平和县	169	6
176	云霄县	169	7
177	漳浦县	169	8
178	漳州市	169	9
179	诏安县	169	10
180	甘肃	0	6
181	白银	180	2
182	白银市	181	1
183	会宁县	181	2
184	景泰县	181	3
185	靖远县	181	4
186	定西	180	3
187	定西市	186	1
188	临洮县	186	2
189	陇西县	186	3
190	通渭县	186	4
191	渭源县	186	5
192	漳县	186	6
193	岷县	186	7
194	甘南藏族自治州	180	4
195	迭部县	194	1
196	合作市	194	2
197	临潭县	194	3
198	碌曲县	194	4
199	玛曲县	194	5
200	夏河县	194	6
201	舟曲县	194	7
202	卓尼县	194	8
203	嘉峪关	180	5
204	嘉峪关市	203	1
205	金昌	180	6
206	金昌市	205	1
207	永昌县	205	2
208	酒泉	180	7
209	阿克塞哈萨克族自治县	208	1
210	安西县	208	2
211	敦煌市	208	3
212	金塔县	208	4
213	酒泉市	208	5
214	肃北蒙古族自治县	208	6
215	玉门市	208	7
216	兰州	180	1
217	皋兰县	216	6
218	城关区	216	1
219	永登县	216	7
220	榆中县	216	8
221	临夏回族自治州	180	8
222	东乡族自治县	221	1
223	广河县	221	2
224	和政县	221	3
225	积石山保安族东乡族撒拉族自治县	221	4
226	康乐县	221	5
227	临夏市	221	6
228	临夏县	221	7
229	永靖县	221	8
230	陇南	180	9
231	成县	230	1
232	徽县	230	2
233	康县	230	3
234	礼县	230	4
235	两当县	230	5
236	文县	230	6
237	武都县	230	7
238	西和县	230	8
239	宕昌县	230	9
240	平凉	180	10
241	崇信县	240	1
242	华亭县	240	2
243	静宁县	240	3
244	灵台县	240	4
245	平凉市	240	5
246	庄浪县	240	6
247	泾川县	240	7
248	庆阳	180	11
249	合水县	248	1
250	华池县	248	2
251	环县	248	3
252	宁县	248	4
253	庆城县	248	5
254	庆阳市	248	6
255	镇原县	248	7
256	正宁县	248	8
257	天水	180	12
258	甘谷县	257	1
259	秦安县	257	2
260	清水县	257	3
261	天水市	257	4
262	武山县	257	5
263	张家川回族自治县	257	6
264	武威	180	13
265	古浪县	264	1
266	民勤县	264	2
267	天祝藏族自治县	264	3
268	武威市	264	4
269	张掖	180	14
270	高台县	269	1
271	临泽县	269	2
272	民乐县	269	3
273	山丹县	269	4
274	肃南裕固族自治县	269	5
275	张掖市	269	6
276	广东	0	7
277	潮州	276	3
278	潮安县	277	1
279	潮州市	277	2
280	饶平县	277	3
281	东莞	276	4
282	东莞市	281	1
283	佛山	276	5
284	佛山市	283	1
285	广州	276	1
286	从化市	285	11
287	越秀区	285	1
288	增城市	285	12
289	河源	276	6
290	东源县	289	1
291	和平县	289	2
292	河源市	289	3
293	连平县	289	4
294	龙川县	289	5
295	紫金县	289	6
296	惠州	276	7
297	博罗县	296	1
298	惠东县	296	2
299	惠州市	296	3
300	龙门县	296	4
301	江门	276	8
302	恩平市	301	1
303	鹤山市	301	2
304	江门市	301	3
305	开平市	301	4
306	台山市	301	5
307	揭阳	276	9
308	惠来县	307	1
309	揭东县	307	2
310	揭西县	307	3
311	揭阳市	307	4
312	普宁市	307	5
313	茂名	276	10
314	电白县	313	1
315	高州市	313	2
316	化州市	313	3
317	茂名市	313	4
318	信宜市	313	5
319	梅州	276	11
320	大埔县	319	1
321	丰顺县	319	2
322	蕉岭县	319	3
323	梅县	319	4
324	梅州市	319	5
325	平远县	319	6
326	五华县	319	7
327	兴宁市	319	8
328	清远	276	12
329	佛冈县	328	1
330	连南瑶族自治县	328	2
331	连山壮族瑶族自治县	328	3
332	连州市	328	4
333	清新县	328	5
334	清远市	328	6
335	阳山县	328	7
336	英德市	328	8
337	汕头	276	13
338	南澳县	337	1
339	汕头市	337	2
340	汕尾	276	14
341	海丰县	340	1
342	陆丰市	340	2
343	陆河县	340	3
344	汕尾市	340	4
345	韶关	276	15
346	乐昌市	345	1
347	南雄市	345	2
348	曲江县	345	3
349	仁化县	345	4
350	乳源瑶族自治县	345	5
351	韶关市	345	6
352	始兴县	345	7
353	翁源县	345	8
354	新丰县	345	9
355	深圳	276	2
356	福田区	355	1
357	阳江	276	16
358	阳春市	357	1
359	阳东县	357	2
360	阳江市	357	3
361	阳西县	357	4
362	云浮	276	17
363	罗定市	362	1
364	新兴县	362	2
365	郁南县	362	3
366	云安县	362	4
367	云浮市	362	5
368	湛江	276	18
369	雷州市	368	1
370	廉江市	368	2
371	遂溪县	368	3
372	吴川市	368	4
373	徐闻县	368	5
374	湛江市	368	6
375	肇庆	276	19
376	德庆县	375	1
377	封开县	375	2
378	高要市	375	3
379	广宁县	375	4
380	怀集县	375	5
381	四会市	375	6
382	肇庆市	375	7
383	中山	276	20
384	中山市	383	1
385	珠海	276	21
386	珠海市	385	1
387	广西	0	8
388	百色	387	1
389	百色市	388	1
390	德保县	388	2
391	靖西县	388	3
392	乐业县	388	4
393	凌云县	388	5
394	隆林各族自治县	388	6
395	那坡县	388	7
396	平果县	388	8
397	田东县	388	9
398	田林县	388	10
399	田阳县	388	11
400	西林县	388	12
401	北海	387	2
402	北海市	401	1
403	合浦县	401	2
404	崇左	387	3
405	崇左市	404	1
406	大新县	404	2
407	扶绥县	404	3
408	龙州县	404	4
409	宁明县	404	5
410	凭祥市	404	6
411	天等县	404	7
412	防城港	387	4
413	东兴市	412	1
414	防城港市	412	2
415	上思县	412	3
416	桂林	387	5
417	恭城瑶族自治县	416	1
418	灌阳县	416	2
419	桂林市	416	3
420	荔浦县	416	4
421	临桂县	416	5
422	灵川县	416	6
423	龙胜各族自治县	416	7
424	平乐县	416	8
425	全州县	416	9
426	兴安县	416	10
427	阳朔县	416	11
428	永福县	416	12
429	资源县	416	13
430	贵港	387	6
431	桂平市	430	1
432	贵港市	430	2
433	平南县	430	3
434	河池	387	7
435	巴马瑶族自治县	434	1
436	大化瑶族自治县	434	2
437	东兰县	434	3
438	都安瑶族自治县	434	4
439	凤山县	434	5
440	河池市	434	6
441	环江毛南族自治县	434	7
442	罗城仡佬族自治县	434	8
443	南丹县	434	9
444	天峨县	434	10
445	宜州市	434	11
446	贺州	387	8
447	富川瑶族自治县	446	1
448	贺州市	446	2
449	昭平县	446	3
450	钟山县	446	4
451	来宾	387	9
452	合山市	451	1
453	金秀瑶族自治县	451	2
454	来宾市	451	3
455	武宣县	451	4
456	象州县	451	5
457	忻城县	451	6
458	柳州	387	10
459	柳城县	458	1
460	柳江县	458	2
461	柳州市	458	3
462	鹿寨县	458	4
463	融安县	458	5
464	融水苗族自治县	458	6
465	三江侗族自治县	458	7
466	南宁	387	11
467	宾阳县	466	7
468	横县	466	8
469	隆安县	466	9
470	马山县	466	10
471	青秀区	466	1
472	上林县	466	11
473	武鸣县	466	12
474	邕宁县	466	13
475	钦州	387	12
476	灵山县	475	1
477	浦北县	475	2
478	钦州市	475	3
479	梧州	387	13
480	苍梧县	479	1
481	蒙山县	479	2
482	藤县	479	3
483	梧州市	479	4
484	岑溪市	479	5
485	玉林	387	14
486	北流市	485	1
487	博白县	485	2
488	陆川县	485	3
489	容县	485	4
490	兴业县	485	5
491	玉林市	485	6
492	贵州	0	9
493	安顺	492	2
494	安顺市	493	1
495	关岭布依族苗族自治县	493	2
496	平坝县	493	3
497	普定县	493	4
498	镇宁布依族苗族自治县	493	5
499	紫云苗族布依族自治县	493	6
500	毕节	492	3
501	毕节市	500	1
502	大方县	500	2
503	赫章县	500	3
504	金沙县	500	4
505	纳雍县	500	5
506	黔西县	500	6
507	威宁彝族回族苗族自治县	500	7
508	织金县	500	8
509	贵阳	492	1
510	南明区	509	1
511	开阳县	509	7
512	清镇市	509	8
513	息烽县	509	9
514	修文县	509	10
515	六盘水	492	4
516	六盘水市	515	1
517	六枝特区	515	2
518	盘县	515	3
519	水城县	515	4
520	黔东南苗族侗族自治州	492	5
521	从江县	520	1
522	丹寨县	520	2
523	黄平县	520	3
524	剑河县	520	4
525	锦屏县	520	5
526	凯里市	520	6
527	雷山县	520	7
528	黎平县	520	8
529	麻江县	520	9
530	三穗县	520	10
531	施秉县	520	11
532	台江县	520	12
533	天柱县	520	13
534	镇远县	520	14
535	岑巩县	520	15
536	榕江县	520	16
537	黔南布依族苗族自治州	492	6
538	长顺县	537	1
539	都匀市	537	2
540	独山县	537	3
541	福泉市	537	4
542	贵定县	537	5
543	惠水县	537	6
544	荔波县	537	7
545	龙里县	537	8
546	罗甸县	537	9
547	平塘县	537	10
548	三都水族自治县	537	11
549	瓮安县	537	12
550	黔西南布依族苗族自治州	492	7
551	安龙县	550	1
552	册亨县	550	2
553	普安县	550	3
554	晴隆县	550	4
555	望谟县	550	5
556	兴仁县	550	6
557	兴义市	550	7
558	贞丰县	550	8
559	铜仁	492	8
560	德江县	559	1
561	江口县	559	2
562	石阡县	559	3
563	思南县	559	4
564	松桃苗族自治县	559	5
565	铜仁市	559	6
566	万山特区	559	7
567	沿河土家族自治县	559	8
568	印江土家族苗族自治县	559	9
569	玉屏侗族自治县	559	10
570	遵义	492	9
571	赤水市	570	1
572	道真仡佬族苗族自治县	570	2
573	凤冈县	570	3
574	仁怀市	570	4
575	绥阳县	570	5
576	桐梓县	570	6
577	务川仡佬族苗族自治县	570	7
578	习水县	570	8
579	余庆县	570	9
580	正安县	570	10
581	遵义市	570	11
582	遵义县	570	12
583	湄潭县	570	13
584	海南	0	11
585	白沙黎族自治县	584	14
586	白沙黎族自治县	585	1
587	保亭黎族苗族自治县	584	16
588	保亭黎族苗族自治县	587	1
589	昌江黎族自治县	584	15
590	昌江黎族自治县	589	1
591	澄迈县	584	3
592	澄迈县	591	1
593	定安县	584	4
594	定安县	593	1
595	东方市	584	5
596	东方市	595	1
597	海口	584	1
598	琼山区	597	1
599	乐东黎族自治县	584	17
600	乐东黎族自治县	599	1
601	临高县	584	6
602	临高县	601	1
603	陵水黎族自治县	584	18
604	陵水黎族自治县	603	1
605	琼海市	584	7
606	琼海市	605	1
607	琼中黎族苗族自治县	584	19
608	琼中黎族苗族自治县	607	1
609	三亚市	584	2
610	三亚市	609	1
611	屯昌县	584	10
612	屯昌县	611	1
613	万宁市	584	8
614	万宁市	613	1
615	文昌市	584	11
616	文昌市	615	1
617	五指山	584	9
618	五指山市	617	1
619	儋州市	584	13
620	儋州市	619	1
621	河北	0	12
622	保定	621	2
623	安国市	622	1
624	安新县	622	2
625	保定市	622	3
626	博野县	622	4
627	定兴县	622	5
628	定州市	622	6
629	阜平县	622	7
630	高碑店市	622	8
631	高阳县	622	9
632	满城县	622	10
633	清苑县	622	11
634	曲阳县	622	12
635	容城县	622	13
636	顺平县	622	14
637	唐县	622	15
638	望都县	622	16
639	雄县	622	17
640	徐水县	622	18
641	易县	622	19
642	涞水县	622	20
643	涞源县	622	21
644	涿州市	622	22
645	蠡县	622	23
646	沧州	621	3
647	泊头市	646	1
648	沧县	646	2
649	沧州市	646	3
650	东光县	646	4
651	海兴县	646	5
652	河间市	646	6
653	黄骅市	646	7
654	孟村回族自治县	646	8
655	南皮县	646	9
656	青县	646	10
657	任丘市	646	11
658	肃宁县	646	12
659	吴桥县	646	13
660	献县	646	14
661	盐山县	646	15
662	承德	621	4
663	承德市	662	1
664	承德县	662	2
665	丰宁满族自治县	662	3
666	宽城满族自治县	662	4
667	隆化县	662	5
668	滦平县	662	6
669	平泉县	662	7
670	围场满族蒙古族自治县	662	8
671	兴隆县	662	9
672	邯郸	621	5
673	成安县	672	1
674	磁县	672	2
675	大名县	672	3
676	肥乡县	672	4
677	馆陶县	672	5
678	广平县	672	6
679	邯郸市	672	7
680	邯郸县	672	8
681	鸡泽县	672	9
682	临漳县	672	10
683	邱县	672	11
684	曲周县	672	12
685	涉县	672	13
686	魏县	672	14
687	武安市	672	15
688	永年县	672	16
689	衡水	621	6
690	安平县	689	1
691	阜城县	689	2
692	故城县	689	3
693	衡水市	689	4
694	冀州市	689	5
695	景县	689	6
696	饶阳县	689	7
697	深州市	689	8
698	武强县	689	9
699	武邑县	689	10
700	枣强县	689	11
701	廊坊	621	7
702	霸州市	701	1
703	大厂回族自治县	701	2
704	大城县	701	3
705	固安县	701	4
706	廊坊市	701	5
707	三河市	701	6
708	文安县	701	7
709	香河县	701	8
710	永清县	701	9
711	秦皇岛	621	8
712	昌黎县	711	1
713	抚宁县	711	2
714	卢龙县	711	3
715	秦皇岛市	711	4
716	青龙满族自治县	711	5
717	石家庄	621	1
718	高邑县	717	7
719	晋州市	717	8
720	井陉县	717	9
721	灵寿县	717	10
722	鹿泉市	717	11
723	平山县	717	12
724	深泽县	717	13
725	新华区	717	1
726	无极县	717	14
727	辛集市	717	15
728	新乐市	717	16
729	行唐县	717	17
730	元氏县	717	18
731	赞皇县	717	19
732	赵县	717	20
733	正定县	717	21
734	藁城市	717	22
735	栾城县	717	23
736	唐山	621	9
737	乐亭县	736	1
738	滦南县	736	2
739	滦县	736	3
740	迁安市	736	4
741	迁西县	736	5
742	唐海县	736	6
743	唐山市	736	7
744	玉田县	736	8
745	遵化市	736	9
746	邢台	621	10
747	柏乡县	746	1
748	广宗县	746	2
749	巨鹿县	746	3
750	临城县	746	4
751	临西县	746	5
752	隆尧县	746	6
753	南宫市	746	7
754	南和县	746	8
755	内丘县	746	9
756	宁晋县	746	10
757	平乡县	746	11
758	清河县	746	12
759	任县	746	13
760	沙河市	746	14
761	威县	746	15
762	新河县	746	16
763	邢台市	746	17
764	邢台县	746	18
765	张家口	621	11
766	赤城县	765	1
767	崇礼县	765	2
768	沽源县	765	3
769	怀安县	765	4
770	怀来县	765	5
771	康保县	765	6
772	尚义县	765	7
773	万全县	765	8
774	蔚县	765	9
775	宣化县	765	10
776	阳原县	765	11
777	张北县	765	12
778	张家口市	765	13
779	涿鹿县	765	14
780	河南	0	13
781	安阳	780	2
782	安阳市	781	1
783	安阳县	781	2
784	滑县	781	3
785	林州市	781	4
786	内黄县	781	5
787	汤阴县	781	6
788	鹤壁	780	3
789	鹤壁市	788	1
790	浚县	788	2
791	淇县	788	3
792	济源	780	4
793	济源市	792	1
794	焦作	780	5
795	博爱县	794	1
796	焦作市	794	2
797	孟州市	794	3
798	沁阳市	794	4
799	温县	794	5
800	武陟县	794	6
801	修武县	794	7
802	开封	780	6
803	开封市	802	1
804	开封县	802	2
805	兰考县	802	3
806	通许县	802	4
807	尉氏县	802	5
808	杞县	802	6
809	洛阳	780	7
810	洛宁县	809	1
811	洛阳市	809	2
812	孟津县	809	3
813	汝阳县	809	4
814	新安县	809	5
815	伊川县	809	6
816	宜阳县	809	7
817	偃师市	809	8
818	嵩县	809	9
819	栾川县	809	10
820	南阳	780	8
821	邓州市	820	1
822	方城县	820	2
823	南阳市	820	3
824	南召县	820	4
825	内乡县	820	5
826	社旗县	820	6
827	唐河县	820	7
828	桐柏县	820	8
829	西峡县	820	9
830	新野县	820	10
831	镇平县	820	11
832	淅川县	820	12
833	平顶山	780	9
834	宝丰县	833	1
835	鲁山县	833	2
836	平顶山市	833	3
837	汝州市	833	4
838	舞钢市	833	5
839	叶县	833	6
840	郏县	833	7
841	三门峡	780	10
842	灵宝市	841	1
843	卢氏县	841	2
844	三门峡市	841	3
845	陕县	841	4
846	义马市	841	5
847	渑池县	841	6
848	商丘	780	11
849	民权县	848	1
850	宁陵县	848	2
851	商丘市	848	3
852	夏邑县	848	4
853	永城市	848	5
854	虞城县	848	6
855	柘城县	848	7
856	睢县	848	8
857	新乡	780	12
858	长垣县	857	1
859	封丘县	857	2
860	辉县市	857	3
861	获嘉县	857	4
862	卫辉市	857	5
863	新乡市	857	6
864	新乡县	857	7
865	延津县	857	8
866	原阳县	857	9
867	信阳	780	13
868	固始县	867	1
869	光山县	867	2
870	淮滨县	867	3
871	罗山县	867	4
872	商城县	867	5
873	息县	867	6
874	新县	867	7
875	信阳市	867	8
876	潢川县	867	9
877	许昌	780	14
878	长葛市	877	1
879	襄城县	877	2
880	许昌市	877	3
881	许昌县	877	4
882	禹州市	877	5
883	鄢陵县	877	6
884	郑州	780	1
885	登封市	884	10
886	巩义市	884	11
887	新密市	884	12
888	新郑市	884	13
889	中原区	884	1
890	中牟县	884	14
891	荥阳市	884	15
892	周口	780	15
893	郸城县	892	1
894	扶沟县	892	2
895	淮阳县	892	3
896	鹿邑县	892	4
897	商水县	892	5
898	沈丘县	892	6
899	太康县	892	7
900	西华县	892	8
901	项城市	892	9
902	周口市	892	10
903	驻马店	780	16
904	泌阳县	903	1
905	平舆县	903	2
906	确山县	903	3
907	汝南县	903	4
908	上蔡县	903	5
909	遂平县	903	6
910	西平县	903	7
911	新蔡县	903	8
912	正阳县	903	9
913	驻马店市	903	10
914	漯河	780	17
915	临颍县	914	1
916	舞阳县	914	2
917	郾城县	914	3
918	漯河市	914	4
919	濮阳	780	18
920	范县	919	1
921	南乐县	919	2
922	清丰县	919	3
923	台前县	919	4
924	濮阳市	919	5
925	濮阳县	919	6
926	黑龙江	0	14
927	大庆	926	2
928	萨尔图区	927	1
929	杜尔伯特蒙古族自治县	927	6
930	林甸县	927	7
931	肇源县	927	8
932	肇州县	927	9
933	大兴安岭	926	3
934	呼玛县	933	5
935	漠河县	933	6
936	塔河县	933	7
937	哈尔滨	926	1
939	巴彦县	937	9
940	宾县	937	10
941	方正县	937	11
942	松北区	937	5
944	木兰县	937	12
945	尚志市	937	13
946	双城市	937	14
947	通河县	937	15
948	五常市	937	16
949	延寿县	937	17
950	依兰县	937	18
951	鹤岗	926	4
952	鹤岗市	951	1
953	萝北县	951	2
954	绥滨县	951	3
955	黑河	926	5
956	北安市	955	1
957	黑河市	955	2
958	嫩江县	955	3
959	孙吴县	955	4
960	五大连池市	955	5
961	逊克县	955	6
962	鸡西	926	6
963	虎林市	962	1
964	鸡东县	962	2
965	鸡西市	962	3
966	密山市	962	4
967	佳木斯	926	7
968	抚远县	967	1
969	富锦市	967	2
970	佳木斯市	967	3
971	汤原县	967	4
972	同江市	967	5
3072	龙凤区	927	2
973	桦川县	967	6
974	桦南县	967	7
975	牡丹江	926	8
976	东宁县	975	1
977	海林市	975	2
978	林口县	975	3
979	牡丹江市	975	4
980	穆棱市	975	5
981	宁安市	975	6
982	绥芬河市	975	7
983	七台河	926	9
984	勃利县	983	1
985	七台河市	983	2
986	齐齐哈尔	926	10
987	拜泉县	986	1
988	富裕县	986	2
989	甘南县	986	3
990	克东县	986	4
991	克山县	986	5
992	龙江县	986	6
993	齐齐哈尔市	986	7
994	泰来县	986	8
995	依安县	986	9
996	讷河市	986	10
997	双鸭山	926	11
998	宝清县	997	1
999	集贤县	997	2
1000	饶河县	997	3
1001	双鸭山市	997	4
1002	友谊县	997	5
1003	绥化	926	12
1004	安达市	1003	1
1005	海伦市	1003	2
1006	兰西县	1003	3
1007	明水县	1003	4
1008	青冈县	1003	5
1009	庆安县	1003	6
1010	绥化市	1003	7
1011	绥棱县	1003	8
1012	望奎县	1003	9
1013	肇东市	1003	10
1014	伊春	926	13
1015	嘉荫县	1014	1
1016	铁力市	1014	2
1017	伊春市	1014	3
1018	湖北	0	15
1019	鄂州	1018	2
1020	鄂州市	1019	1
1021	恩施	1018	3
1022	巴东县	1021	1
1023	恩施市	1021	2
1024	鹤峰县	1021	3
1025	建始县	1021	4
1026	来凤县	1021	5
1027	利川市	1021	6
1028	咸丰县	1021	7
1029	宣恩县	1021	8
1030	黄冈	1018	4
1031	红安县	1030	1
1032	黄冈市	1030	2
1033	黄梅县	1030	3
1034	罗田县	1030	4
1035	麻城市	1030	5
1036	团风县	1030	6
1037	武穴市	1030	7
1038	英山县	1030	8
1039	蕲春县	1030	9
1040	浠水县	1030	10
1041	黄石	1018	5
1042	大冶市	1041	1
1043	黄石市	1041	2
1044	阳新县	1041	3
1045	荆门	1018	6
1046	荆门市	1045	1
1047	京山县	1045	2
1048	沙洋县	1045	3
1049	钟祥市	1045	4
1050	荆州	1018	7
1051	公安县	1050	1
1052	洪湖市	1050	2
1053	监利县	1050	3
1054	江陵县	1050	4
1055	荆州市	1050	5
1056	石首市	1050	6
1057	松滋市	1050	7
1058	潜江	1018	8
1059	潜江市	1058	1
1060	神农架	1018	9
1061	神农架林区	1060	1
1062	十堰	1018	10
1063	丹江口市	1062	1
1064	房县	1062	2
1065	十堰市	1062	3
1066	郧西县	1062	4
1067	郧县	1062	5
1068	竹山县	1062	6
1069	竹溪县	1062	7
1070	随州	1018	11
1071	广水市	1070	1
1072	随州市	1070	2
1073	天门	1018	12
1074	天门市	1073	1
1075	武汉	1018	1
1076	江岸区	1075	1
1077	仙桃	1018	13
1078	仙桃市	1077	1
1079	咸宁	1018	14
1080	赤壁市	1079	1
1081	崇阳县	1079	2
1082	嘉鱼县	1079	3
1083	通城县	1079	4
1084	通山县	1079	5
1085	咸宁市	1079	6
1086	襄樊	1018	15
1087	保康县	1086	1
1088	谷城县	1086	2
1089	老河口市	1086	3
1090	南漳县	1086	4
1091	襄樊市	1086	5
1092	宜城市	1086	6
1093	枣阳市	1086	7
1094	孝感	1018	16
1095	安陆市	1094	1
1096	大悟县	1094	2
1097	汉川市	1094	3
1098	孝昌县	1094	4
1099	孝感市	1094	5
1100	应城市	1094	6
1101	云梦县	1094	7
1102	宜昌	1018	17
1103	长阳土家族自治县	1102	1
1104	当阳市	1102	2
1105	五峰土家族自治县	1102	3
1106	兴山县	1102	4
1107	宜昌市	1102	5
1108	宜都市	1102	6
1109	远安县	1102	7
1110	枝江市	1102	8
1111	秭归县	1102	9
1112	湖南	0	16
1113	常德	1112	2
1114	安乡县	1113	1
1115	常德市	1113	2
1116	汉寿县	1113	3
1117	津市市	1113	4
1118	临澧县	1113	5
1119	石门县	1113	6
1120	桃源县	1113	7
1121	澧县	1113	8
1122	长沙	1112	1
1123	芙蓉区	1122	1
1124	长沙县	1122	8
1125	宁乡县	1122	9
1127	浏阳市	1122	7
1128	郴州	1112	3
1129	安仁县	1128	1
1130	郴州市	1128	2
1131	桂东县	1128	3
1132	桂阳县	1128	4
1133	嘉禾县	1128	5
1134	临武县	1128	6
1135	汝城县	1128	7
1136	宜章县	1128	8
1137	永兴县	1128	9
1138	资兴市	1128	10
1139	衡阳	1112	4
1140	常宁市	1139	1
1141	衡东县	1139	2
1142	衡南县	1139	3
1143	衡山县	1139	4
1144	衡阳市	1139	5
1145	衡阳县	1139	6
1146	祁东县	1139	7
1147	耒阳市	1139	8
1148	怀化	1112	5
1149	辰溪县	1148	1
1150	洪江市	1148	2
1151	怀化市	1148	3
1152	会同县	1148	4
1153	靖州苗族侗族自治县	1148	5
1154	麻阳苗族自治县	1148	6
1155	通道侗族自治县	1148	7
1156	新晃侗族自治县	1148	8
1157	中方县	1148	9
1158	芷江侗族自治县	1148	10
1159	沅陵县	1148	11
1160	溆浦县	1148	12
1161	娄底	1112	6
1162	冷水江市	1161	1
1163	涟源市	1161	2
1164	娄底市	1161	3
1165	双峰县	1161	4
1166	新化县	1161	5
1167	邵阳	1112	7
1168	城步苗族自治县	1167	1
1169	洞口县	1167	2
1170	隆回县	1167	3
1171	邵东县	1167	4
1172	邵阳市	1167	5
1173	邵阳县	1167	6
1174	绥宁县	1167	7
1175	武冈市	1167	8
1176	新宁县	1167	9
1177	新邵县	1167	10
1178	湘潭	1112	8
1179	韶山市	1178	1
1180	湘潭市	1178	2
1181	湘潭县	1178	3
1182	湘乡市	1178	4
1183	湘西土家族苗族自治州	1112	9
1184	保靖县	1183	1
1185	凤凰县	1183	2
1186	古丈县	1183	3
1187	花垣县	1183	4
1188	吉首市	1183	5
1189	龙山县	1183	6
1190	永顺县	1183	7
1191	泸溪县	1183	8
1192	益阳	1112	10
1193	安化县	1192	1
1194	南县	1192	2
1195	桃江县	1192	3
1196	益阳市	1192	4
1197	沅江市	1192	5
1198	永州	1112	11
1199	道县	1198	1
1200	东安县	1198	2
1201	江华瑶族自治县	1198	3
1202	江永县	1198	4
1203	蓝山县	1198	5
1204	宁远县	1198	6
1205	祁阳县	1198	7
1206	双牌县	1198	8
1207	新田县	1198	9
1208	永州市	1198	10
1209	岳阳	1112	12
1210	华容县	1209	1
1211	临湘市	1209	2
1212	平江县	1209	3
1213	湘阴县	1209	4
1214	岳阳市	1209	5
1215	岳阳县	1209	6
1216	汨罗市	1209	7
1217	张家界	1112	13
1218	慈利县	1217	1
1219	桑植县	1217	2
1220	张家界市	1217	3
1221	株洲	1112	14
1222	茶陵县	1221	1
1223	炎陵县	1221	2
1224	株洲市	1221	3
1225	株洲县	1221	4
1226	攸县	1221	5
1227	醴陵市	1221	6
1228	吉林	0	17
1229	白城	1228	2
1230	白城市	1229	1
1231	大安市	1229	2
1232	通榆县	1229	3
1233	镇赉县	1229	4
1234	洮南市	1229	5
1235	白山	1228	3
1236	白山市	1235	1
1237	长白朝鲜族自治县	1235	2
1238	抚松县	1235	3
1239	江源县	1235	4
1240	靖宇县	1235	5
1241	临江市	1235	6
1242	长春	1228	1
1243	南关区	1242	1
1244	德惠市	1242	7
1245	九台市	1242	8
1246	农安县	1242	9
1247	榆树市	1242	10
1248	吉林	1228	4
1249	吉林市	1248	1
1250	磐石市	1248	2
1251	舒兰市	1248	3
2959	宽城区	1242	2
1252	永吉县	1248	4
1253	桦甸市	1248	5
1254	蛟河市	1248	6
1255	辽源	1228	5
1256	东丰县	1255	1
1257	东辽县	1255	2
1258	辽源市	1255	3
1259	四平	1228	6
1260	公主岭市	1259	1
1261	梨树县	1259	2
1262	双辽市	1259	3
1263	四平市	1259	4
1264	伊通满族自治县	1259	5
1265	松原	1228	7
1266	长岭县	1265	1
1267	扶余县	1265	2
1268	乾安县	1265	3
1269	前郭尔罗斯蒙古族自治县	1265	4
1270	松原市	1265	5
1271	通化	1228	8
1272	辉南县	1271	1
1273	集安市	1271	2
1274	柳河县	1271	3
1275	梅河口市	1271	4
1276	通化市	1271	5
1277	通化县	1271	6
1278	延边朝鲜族自治州	1228	9
1279	安图县	1278	1
1280	敦化市	1278	2
1281	和龙市	1278	3
1282	龙井市	1278	4
1283	图们市	1278	5
1284	汪清县	1278	6
1285	延吉市	1278	7
1286	珲春市	1278	8
1287	江苏	0	18
1288	常州	1287	3
1289	常州市	1288	1
1290	金坛市	1288	2
1291	溧阳市	1288	3
1292	淮安	1287	6
1293	连云港	1287	7
1294	洪泽县	1292	1
1295	淮安市	1292	2
1296	金湖县	1292	3
1297	涟水县	1292	4
1298	盱眙县	1292	5
1299	东海县	1293	1
1300	赣榆县	1293	2
1301	灌南县	1293	3
1302	灌云县	1293	4
1303	连云港市	1293	5
1304	南京	1287	1
1305	高淳县	1304	13
1306	玄武区	1304	1
1307	溧水县	1304	12
1308	南通	1287	8
1309	苏州	1287	5
1310	海安县	1308	1
1311	海门市	1308	2
1312	南通市	1308	3
1313	启东市	1308	4
1314	如东县	1308	5
1315	如皋市	1308	6
1316	通州市	1308	7
1317	常熟市	1309	1
1318	昆山市	1309	2
1319	苏州市	1309	3
1320	太仓市	1309	4
1321	吴江市	1309	5
1322	张家港市	1309	6
1323	宿迁	1287	9
1324	宿迁市	1323	1
1325	宿豫县	1323	2
1326	沭阳县	1323	3
1327	泗洪县	1323	4
1328	泗阳县	1323	5
1329	泰州	1287	10
1330	姜堰市	1329	1
1331	靖江市	1329	2
1332	泰兴市	1329	3
1333	泰州市	1329	4
1334	兴化市	1329	5
1335	无锡	1287	4
1339	徐州	1287	11
1340	丰县	1339	1
1341	沛县	1339	2
1342	铜山县	1339	3
1343	新沂市	1339	4
1344	徐州市	1339	5
1345	邳州市	1339	6
1346	睢宁县	1339	7
1347	盐城	1287	12
1348	滨海县	1347	1
1349	大丰市	1347	2
1350	东台市	1347	3
1351	阜宁县	1347	4
1352	建湖县	1347	5
1353	射阳县	1347	6
1354	响水县	1347	7
1355	盐城市	1347	8
1356	盐都县	1347	9
1357	扬州	1287	13
1358	宝应县	1357	1
1359	高邮市	1357	2
1360	江都市	1357	3
1361	扬州市	1357	4
1362	仪征市	1357	5
1363	镇江	1287	14
1364	丹阳市	1363	1
1365	句容市	1363	2
1366	扬中市	1363	3
1367	镇江市	1363	4
1368	江西	0	19
1369	抚州	1368	2
1370	崇仁县	1369	1
1371	东乡县	1369	2
1372	抚州市	1369	3
1373	广昌县	1369	4
1374	金溪县	1369	5
1375	乐安县	1369	6
1376	黎川县	1369	7
1377	南城县	1369	8
1378	南丰县	1369	9
1379	宜黄县	1369	10
1380	资溪县	1369	11
1381	赣州	1368	3
1382	安远县	1381	1
1383	崇义县	1381	2
1384	大余县	1381	3
1385	定南县	1381	4
1386	赣县	1381	5
1387	赣州市	1381	6
1388	会昌县	1381	7
1389	龙南县	1381	8
1390	南康市	1381	9
1391	宁都县	1381	10
2786	江阴	1287	2
2788	澄江	2786	2
2810	宜兴	1335	7
1392	全南县	1381	11
1393	瑞金市	1381	12
1394	上犹县	1381	13
1395	石城县	1381	14
1396	信丰县	1381	15
1397	兴国县	1381	16
1398	寻乌县	1381	17
1399	于都县	1381	18
1400	吉安	1368	4
1401	安福县	1400	1
1402	吉安市	1400	2
1403	吉安县	1400	3
1404	吉水县	1400	4
1405	井冈山市	1400	5
1406	遂川县	1400	6
1407	泰和县	1400	7
1408	万安县	1400	8
1409	峡江县	1400	9
1410	新干县	1400	10
1411	永丰县	1400	11
1412	永新县	1400	12
1413	景德镇	1368	5
1414	浮梁县	1413	1
1415	景德镇市	1413	2
1416	乐平市	1413	3
1417	九江	1368	6
1418	德安县	1417	1
1419	都昌县	1417	2
1420	湖口县	1417	3
1421	九江市	1417	4
1422	九江县	1417	5
1423	彭泽县	1417	6
1424	瑞昌市	1417	7
1425	武宁县	1417	8
1426	星子县	1417	9
1427	修水县	1417	10
1428	永修县	1417	11
1429	南昌	1368	1
1430	安义县	1429	5
1431	进贤县	1429	6
1432	东湖区	1429	1
1433	南昌县	1429	7
1434	新建县	1429	8
1435	萍乡	1368	7
1436	莲花县	1435	1
1437	芦溪县	1435	2
1438	萍乡市	1435	3
1439	上栗县	1435	4
1440	上饶	1368	8
1441	波阳县	1440	1
1442	德兴市	1440	2
1443	广丰县	1440	3
1444	横峰县	1440	4
1445	铅山县	1440	5
1446	上饶市	1440	6
1447	上饶县	1440	7
1448	万年县	1440	8
1449	余干县	1440	9
1450	玉山县	1440	10
1451	弋阳县	1440	11
1452	婺源县	1440	12
1453	新余	1368	9
1454	分宜县	1453	1
1455	新余市	1453	2
1456	宜春	1368	10
1457	丰城市	1456	1
1458	奉新县	1456	2
1459	高安市	1456	3
1460	靖安县	1456	4
1461	上高县	1456	5
1462	铜鼓县	1456	6
1463	万载县	1456	7
1464	宜春市	1456	8
1465	宜丰县	1456	9
1466	樟树市	1456	10
1467	鹰潭	1368	11
1469	贵溪市	1467	1
1470	鹰潭市	1467	2
1471	余江县	1467	3
1472	辽宁	0	20
1473	鞍山	1472	2
1474	鞍山市	1473	1
1475	海城市	1473	2
1476	台安县	1473	3
1477	岫岩满族自治县	1473	4
1478	本溪	1472	3
1479	本溪满族自治县	1478	1
1480	本溪市	1478	2
1481	桓仁满族自治县	1478	3
1482	朝阳	1472	4
1483	北票市	1482	1
1484	朝阳市	1482	2
1485	朝阳县	1482	3
1486	建平县	1482	4
1487	喀喇沁左翼蒙古族自治县	1482	5
1488	凌源市	1482	6
1489	大连	1472	5
1490	长海县	1489	1
1491	大连市	1489	2
1492	普兰店市	1489	3
1493	瓦房店市	1489	4
1494	庄河市	1489	5
1495	丹东	1472	6
1496	丹东市	1495	1
1497	东港市	1495	2
1498	凤城市	1495	3
1499	宽甸满族自治县	1495	4
1500	抚顺	1472	7
1501	抚顺市	1500	1
1502	抚顺县	1500	2
1503	清原满族自治县	1500	3
1504	新宾满族自治县	1500	4
1505	阜新	1472	8
1506	阜新蒙古族自治县	1505	1
1507	阜新市	1505	2
1508	彰武县	1505	3
1509	葫芦岛	1472	9
1510	葫芦岛市	1509	1
1511	建昌县	1509	2
1512	绥中县	1509	3
1513	兴城市	1509	4
1514	锦州	1472	10
1515	北宁市	1514	1
1516	黑山县	1514	2
1517	锦州市	1514	3
1518	凌海市	1514	4
1519	义县	1514	5
1520	辽阳	1472	11
1521	灯塔市	1520	1
1522	辽阳市	1520	2
1523	辽阳县	1520	3
1524	盘锦	1472	12
1525	大洼县	1524	1
1526	盘锦市	1524	2
1527	盘山县	1524	3
1528	沈阳	1472	1
1533	法库县	1528	10
1534	康平县	1528	11
1535	辽中县	1528	12
1536	大东区	1528	1
1537	新民市	1528	13
1538	铁岭	1472	13
1539	昌图县	1538	1
1540	调兵山市	1538	2
1541	开原市	1538	3
1542	铁岭市	1538	4
1543	铁岭县	1538	5
1544	西丰县	1538	6
1545	营口	1472	14
1546	大石桥市	1545	1
1547	盖州市	1545	2
1548	营口市	1545	3
1549	内蒙古	0	21
1550	阿拉善盟	1549	2
1551	阿拉善右旗	1550	1
1552	阿拉善左旗	1550	2
1553	额济纳旗	1550	3
1554	巴彦淖尔盟	1549	3
1555	杭锦后旗	1554	1
1556	临河市	1554	2
1557	乌拉特后旗	1554	3
1558	乌拉特前旗	1554	4
1559	乌拉特中旗	1554	5
1560	五原县	1554	6
1561	磴口县	1554	7
1562	包头	1549	4
1563	包头市	1562	1
1564	达尔罕茂明安联合旗	1562	2
1565	固阳县	1562	3
1566	土默特右旗	1562	4
1567	赤峰	1549	5
1568	阿鲁科尔沁旗	1567	1
1569	敖汉旗	1567	2
1570	巴林右旗	1567	3
1571	巴林左旗	1567	4
1572	赤峰市	1567	5
1573	喀喇沁旗	1567	6
1574	克什克腾旗	1567	7
1575	林西县	1567	8
1576	宁城县	1567	9
1577	翁牛特旗	1567	10
1578	鄂尔多斯	1549	6
1579	达拉特旗	1578	1
1580	鄂尔多斯市	1578	2
1581	鄂托克旗	1578	3
1582	鄂托克前旗	1578	4
1583	杭锦旗	1578	5
1584	乌审旗	1578	6
1585	伊金霍洛旗	1578	7
1586	准格尔旗	1578	8
1587	呼和浩特	1549	1
1588	和林格尔县	1587	5
1589	新城区	1587	1
1590	清水河县	1587	6
1591	土默特左旗	1587	7
1592	托克托县	1587	8
1593	武川县	1587	9
1594	呼伦贝尔	1549	7
1595	阿荣旗	1594	1
1596	陈巴尔虎旗	1594	2
1597	额尔古纳市	1594	3
1598	鄂伦春自治旗	1594	4
1599	鄂温克族自治旗	1594	5
1600	根河市	1594	6
1601	呼伦贝尔市	1594	7
1602	满洲里市	1594	8
1603	莫力达瓦达斡尔族自治旗	1594	9
1604	新巴尔虎右旗	1594	10
1605	新巴尔虎左旗	1594	11
1606	牙克石市	1594	12
1607	扎兰屯市	1594	13
1608	通辽	1549	8
1609	霍林郭勒市	1608	1
1610	开鲁县	1608	2
1611	科尔沁左翼后旗	1608	3
1612	科尔沁左翼中旗	1608	4
1613	库伦旗	1608	5
1614	奈曼旗	1608	6
1615	通辽市	1608	7
1616	扎鲁特旗	1608	8
1617	乌海	1549	9
1618	乌海市	1617	1
1619	乌兰察布盟	1549	10
1620	察哈尔右翼后旗	1619	1
1621	察哈尔右翼前旗	1619	2
1622	察哈尔右翼中旗	1619	3
1623	丰镇市	1619	4
1624	化德县	1619	5
1625	集宁市	1619	6
1626	凉城县	1619	7
1627	商都县	1619	8
1628	四子王旗	1619	9
1629	兴和县	1619	10
1630	卓资县	1619	11
1631	锡林郭勒盟	1549	11
1632	阿巴嘎旗	1631	1
1633	东乌珠穆沁旗	1631	2
1634	多伦县	1631	3
1635	二连浩特市	1631	4
1636	苏尼特右旗	1631	5
1637	苏尼特左旗	1631	6
1638	太仆寺旗	1631	7
1639	西乌珠穆沁旗	1631	8
1640	锡林浩特市	1631	9
1641	镶黄旗	1631	10
1642	正蓝旗	1631	11
1643	正镶白旗	1631	12
1644	兴安盟	1549	12
1645	阿尔山市	1644	1
1646	科尔沁右翼前旗	1644	2
1647	科尔沁右翼中旗	1644	3
1648	突泉县	1644	4
1649	乌兰浩特市	1644	5
1650	扎赉特旗	1644	6
1651	宁夏	0	22
1652	固原	1651	2
1653	固原市	1652	1
1655	隆德县	1652	2
1656	彭阳县	1652	3
1657	西吉县	1652	4
1658	泾源县	1652	5
1659	石嘴山	1651	3
1660	惠农区	1659	2
1661	平罗县	1659	3
1662	大武口区	1659	1
1664	吴忠	1651	4
1665	青铜峡市	1664	3
1666	同心县	1664	4
1667	利通区	1664	1
3073	让胡路区	927	3
3085	沙坡头区	3084	1
1668	盐池县	1664	5
1669	红寺堡区	1664	2
1671	银川	1651	1
1672	贺兰县	1671	5
1673	灵武市	1671	4
1674	兴庆区	1671	1
1675	永宁县	1671	6
1676	青海	0	23
1677	果洛藏族自治州	1676	2
1678	班玛县	1677	1
1679	达日县	1677	2
1680	甘德县	1677	3
1681	久治县	1677	4
1682	玛多县	1677	5
1683	玛沁县	1677	6
1684	海北藏族自治州	1676	3
1685	刚察县	1684	1
1686	海晏县	1684	2
1687	门源回族自治县	1684	3
1688	祁连县	1684	4
1689	海东	1676	4
1690	互助土族自治	1689	1
1691	化隆回族自治县	1689	2
1692	乐都县	1689	3
1693	民和回族土族自治县	1689	4
1694	平安县	1689	5
1695	循化撒拉族自治县	1689	6
1696	海南藏族自治州	1676	5
1697	共和县	1696	1
1698	贵德县	1696	2
1699	贵南县	1696	3
1700	同德县	1696	4
1701	兴海县	1696	5
1702	海西蒙古族藏族自治州	1676	6
1703	德令哈市	1702	1
1704	都兰县	1702	2
1705	格尔木市	1702	3
1706	天峻县	1702	4
1707	乌兰县	1702	5
1708	黄南藏族自治州	1676	7
1709	河南蒙古族自治县	1708	1
1710	尖扎县	1708	2
1711	同仁县	1708	3
1712	泽库县	1708	4
1713	西宁	1676	1
1714	大通回族土族自治县	1713	6
1715	城中区	1713	1
1716	湟源县	1713	7
1717	湟中县	1713	8
1719	玉树藏族自治州	1676	8
1720	称多县	1719	1
1721	囊谦县	1719	2
1722	曲麻莱县	1719	3
1723	玉树县	1719	4
1724	杂多县	1719	5
1725	治多县	1719	6
1726	山东	0	24
1727	滨州	1726	2
1728	滨州市	1727	1
1729	博兴县	1727	2
1730	惠民县	1727	3
1731	无棣县	1727	4
1732	阳信县	1727	5
1733	沾化县	1727	6
1734	邹平县	1727	7
1735	德州	1726	3
1736	德州市	1735	1
1737	乐陵市	1735	2
1738	临邑县	1735	3
1739	陵县	1735	4
1740	宁津县	1735	5
1741	平原县	1735	6
1742	齐河县	1735	7
1743	庆云县	1735	8
1744	武城县	1735	9
1745	夏津县	1735	10
1746	禹城市	1735	11
1747	东营	1726	4
1748	东营市	1747	1
1749	广饶县	1747	2
1750	垦利县	1747	3
1751	利津县	1747	4
1752	菏泽	1726	5
1753	曹县	1752	1
1754	成武县	1752	2
1755	单县	1752	3
1756	定陶县	1752	4
1757	东明县	1752	5
1758	菏泽市	1752	6
1759	巨野县	1752	7
1760	郓城县	1752	8
1761	鄄城县	1752	9
1762	济南	1726	1
1763	市中区	1762	1
1764	济阳县	1762	7
1765	平阴县	1762	8
1766	商河县	1762	9
1767	章丘市	1762	10
1768	济宁	1726	6
1769	济宁市	1768	1
1770	嘉祥县	1768	2
1771	金乡县	1768	3
1772	梁山县	1768	4
1773	曲阜市	1768	5
1774	微山县	1768	6
1775	鱼台县	1768	7
1776	邹城市	1768	8
1777	兖州市	1768	9
1778	汶上县	1768	10
1779	泗水县	1768	11
1780	莱芜	1726	7
1781	莱芜市	1780	1
1782	聊城	1726	8
1783	东阿县	1782	1
1784	高唐县	1782	2
1785	冠县	1782	3
1786	聊城市	1782	4
1787	临清市	1782	5
1788	阳谷县	1782	6
1789	茌平县	1782	7
1790	莘县	1782	8
1791	临沂	1726	9
1792	苍山县	1791	1
1793	费县	1791	2
1794	临沂市	1791	3
1795	临沭县	1791	4
1796	蒙阴县	1791	5
1797	平邑县	1791	6
1798	沂南县	1791	7
1799	沂水县	1791	8
1800	郯城县	1791	9
1801	莒南县	1791	10
1802	青岛	1726	10
1803	即墨市	1802	1
1804	胶南市	1802	2
1805	胶州市	1802	3
3084	中卫	1651	5
1806	莱西市	1802	4
1807	平度市	1802	5
1808	青岛市	1802	6
1809	日照	1726	11
1810	日照市	1809	1
1811	五莲县	1809	2
1812	莒县	1809	3
1813	泰安	1726	12
1814	东平县	1813	1
1815	肥城市	1813	2
1816	宁阳县	1813	3
1817	泰安市	1813	4
1818	新泰市	1813	5
1819	威海	1726	13
1820	荣成市	1819	1
1821	乳山市	1819	2
1822	威海市	1819	3
1823	文登市	1819	4
1824	潍坊	1726	14
1825	安丘市	1824	1
1826	昌乐县	1824	2
1827	昌邑市	1824	3
1828	高密市	1824	4
1829	临朐县	1824	5
1830	青州市	1824	6
1831	寿光市	1824	7
1832	潍坊市	1824	8
1833	诸城市	1824	9
1834	烟台	1726	15
1835	长岛县	1834	1
1836	海阳市	1834	2
1837	莱阳市	1834	3
1838	莱州市	1834	4
1839	龙口市	1834	5
1840	蓬莱市	1834	6
1841	栖霞市	1834	7
1842	烟台市	1834	8
1843	招远市	1834	9
1844	枣庄	1726	16
1845	枣庄市	1844	1
1846	滕州市	1844	2
1847	淄博	1726	17
1848	高青县	1847	1
1849	桓台县	1847	2
1850	沂源县	1847	3
1851	淄博市	1847	4
1852	山西	0	25
1853	长治	1852	2
1854	长治市	1853	1
1855	长治县	1853	2
1856	长子县	1853	3
1857	壶关县	1853	4
1858	黎城县	1853	5
1859	潞城市	1853	6
1860	平顺县	1853	7
1861	沁县	1853	8
1862	沁源县	1853	9
1863	屯留县	1853	10
1864	武乡县	1853	11
1865	襄垣县	1853	12
1866	大同	1852	3
1867	大同市	1866	1
1868	大同县	1866	2
1869	广灵县	1866	3
1870	浑源县	1866	4
1871	灵丘县	1866	5
1872	天镇县	1866	6
1873	阳高县	1866	7
1874	左云县	1866	8
1875	晋城	1852	4
1876	高平市	1875	1
1877	晋城市	1875	2
1878	陵川县	1875	3
1879	沁水县	1875	4
1880	阳城县	1875	5
1881	泽州县	1875	6
1882	晋中	1852	5
1883	和顺县	1882	1
1884	介休市	1882	2
1885	晋中市	1882	3
1886	灵石县	1882	4
1887	平遥县	1882	5
1888	祁县	1882	6
1889	寿阳县	1882	7
1890	太谷县	1882	8
1891	昔阳县	1882	9
1892	榆社县	1882	10
1893	左权县	1882	11
1894	临汾	1852	6
1895	安泽县	1894	1
1896	大宁县	1894	2
1897	汾西县	1894	3
1898	浮山县	1894	4
1899	古县	1894	5
1900	洪洞县	1894	6
1901	侯马市	1894	7
1902	霍州市	1894	8
1903	吉县	1894	9
1904	临汾市	1894	10
1905	蒲县	1894	11
1906	曲沃县	1894	12
1907	襄汾县	1894	13
1908	乡宁县	1894	14
1909	翼城县	1894	15
1910	永和县	1894	16
1911	隰县	1894	17
1912	吕梁	1852	7
1913	吕梁市	1912	1
1914	方山县	1912	2
1915	汾阳市	1912	3
1916	交城县	1912	4
1917	交口县	1912	5
1918	临县	1912	6
1919	柳林县	1912	7
1920	石楼县	1912	8
1921	文水县	1912	9
1922	孝义市	1912	10
1923	兴县	1912	11
1924	中阳县	1912	12
1925	岚县	1912	13
1926	朔州	1852	8
1927	怀仁县	1926	1
1928	山阴县	1926	2
1929	朔州市	1926	3
1930	应县	1926	4
1931	右玉县	1926	5
1932	太原	1852	1
1933	古交市	1932	8
1934	娄烦县	1932	9
1935	清徐县	1932	10
1936	杏花岭区	1932	1
1937	阳曲县	1932	11
1938	忻州	1852	9
1939	保德县	1938	1
1940	代县	1938	2
1941	定襄县	1938	3
1942	繁峙县	1938	4
1943	河曲县	1938	5
1944	静乐县	1938	6
1945	宁武县	1938	7
1946	偏关县	1938	8
1947	神池县	1938	9
1948	五台县	1938	10
1949	五寨县	1938	11
1950	忻州市	1938	12
1951	原平市	1938	13
1952	岢岚县	1938	14
1953	阳泉	1852	10
1954	平定县	1953	1
1955	阳泉市	1953	2
1956	盂县	1953	3
1957	运城	1852	11
1958	河津市	1957	1
1959	临猗县	1957	2
1960	平陆县	1957	3
1961	文昌市	1957	4
1962	五指山	1852	12
1963	五指山市	1962	1
1964	万荣县	1962	2
1965	闻喜县	1962	3
1966	夏县	1962	4
1967	新绛县	1962	5
1968	永济市	1962	6
1969	垣曲县	1962	7
1970	运城市	1962	8
1971	芮城县	1962	9
1972	绛县	1962	10
1973	稷山县	1962	11
1974	陕西	0	26
1975	安康	1974	2
1976	安康市	1975	1
1977	白河县	1975	2
1978	汉阴县	1975	3
1979	宁陕县	1975	4
1980	平利县	1975	5
1981	石泉县	1975	6
1982	旬阳县	1975	7
1983	镇坪县	1975	8
1984	紫阳县	1975	9
1985	岚皋县	1975	10
1986	宝鸡	1974	3
1987	宝鸡市	1986	1
1988	凤县	1986	2
1989	凤翔县	1986	3
1990	扶风县	1986	4
1991	陇县	1986	5
1992	眉县	1986	6
1993	千阳县	1986	7
1994	太白县	1986	8
1995	岐山县	1986	9
1996	麟游县	1986	10
1997	汉中	1974	4
1998	城固县	1997	1
1999	佛坪县	1997	2
2000	汉中市	1997	3
2001	留坝县	1997	4
2002	略阳县	1997	5
2003	勉县	1997	6
2004	南郑县	1997	7
2005	宁强县	1997	8
2006	西乡县	1997	9
2007	洋县	1997	10
2008	镇巴县	1997	11
2009	商洛	1974	5
2010	丹凤县	2009	1
2011	洛南县	2009	2
2012	山阳县	2009	3
2013	商洛市	2009	4
2014	商南县	2009	5
2015	镇安县	2009	6
2016	柞水县	2009	7
2017	铜川	1974	6
2018	铜川市	2017	1
2019	宜君县	2017	2
2020	渭南	1974	7
2021	白水县	2020	1
2022	澄城县	2020	2
2023	大荔县	2020	3
2024	富平县	2020	4
2025	韩城市	2020	5
2026	合阳县	2020	6
2027	华县	2020	7
2028	华阴市	2020	8
2029	蒲城县	2020	9
2030	渭南市	2020	10
2031	潼关县	2020	11
2032	西安	1974	1
2033	高陵县	2032	10
2034	户县	2032	11
2035	蓝田县	2032	12
2036	新城区	2032	1
2037	周至县	2032	13
2038	咸阳	1974	8
2039	彬县	2038	1
2040	长武县	2038	2
2041	淳化县	2038	3
2042	礼泉县	2038	4
2043	乾县	2038	5
2044	三原县	2038	6
2045	武功县	2038	7
2046	咸阳市	2038	8
2047	兴平市	2038	9
2048	旬邑县	2038	10
2049	永寿县	2038	11
2050	泾阳县	2038	12
2051	延安	1974	9
2052	安塞县	2051	1
2053	富县	2051	2
2054	甘泉县	2051	3
2055	黄陵县	2051	4
2056	黄龙县	2051	5
2057	洛川县	2051	6
2058	吴旗县	2051	7
2059	延安市	2051	8
2060	延长县	2051	9
2061	延川县	2051	10
2062	宜川县	2051	11
2063	志丹县	2051	12
2064	子长县	2051	13
2065	榆林	1974	10
2066	定边县	2065	1
2067	府谷县	2065	2
2068	横山县	2065	3
2069	佳县	2065	4
2070	靖边县	2065	5
2071	米脂县	2065	6
2072	清涧县	2065	7
2073	神木县	2065	8
2074	绥德县	2065	9
2075	吴堡县	2065	10
2076	榆林市	2065	11
2077	子洲县	2065	12
2078	上海	0	2
2079	上海	2078	1
2080	崇明县	2079	17
2081	黄浦区	2079	1
2082	四川	0	27
2083	阿坝藏族羌族自治州	2082	2
2084	阿坝县	2083	1
2085	黑水县	2083	2
2086	红原县	2083	3
2087	金川县	2083	4
2088	九寨沟县	2083	5
2089	理县	2083	6
2090	马尔康县	2083	7
2091	茂县	2083	8
2092	壤塘县	2083	9
2093	若尔盖县	2083	10
2094	松潘县	2083	11
2095	小金县	2083	12
2096	汶川县	2083	13
2097	巴中	2082	3
2098	巴中市	2097	1
2099	南江县	2097	2
2100	平昌县	2097	3
2101	通江县	2097	4
2102	成都	2082	1
2103	武侯区	2102	1
2104	崇州市	2102	10
2105	大邑县	2102	11
2106	都江堰市	2102	12
2107	金堂县	2102	13
2108	彭州市	2102	14
2109	蒲江县	2102	15
2110	双流县	2102	16
2111	新津县	2102	17
2112	邛崃市	2102	18
2113	郫县	2102	19
2114	达州	2082	4
2115	达县	2114	1
2116	达州市	2114	2
2117	大竹县	2114	3
2118	开江县	2114	4
2119	渠县	2114	5
2120	万源市	2114	6
2121	宣汉县	2114	7
2122	德阳	2082	5
2123	德阳市	2122	1
2124	广汉市	2122	2
2125	罗江县	2122	3
2126	绵竹市	2122	4
2127	什邡市	2122	5
2128	中江县	2122	6
2129	甘孜藏族自治州	2082	6
2130	巴塘县	2129	1
2131	白玉县	2129	2
2132	丹巴县	2129	3
2133	稻城县	2129	4
2134	道孚县	2129	5
2135	德格县	2129	6
2136	得荣县	2129	7
2137	甘孜县	2129	8
2138	九龙县	2129	9
2139	康定县	2129	10
2140	理塘县	2129	11
2141	炉霍县	2129	12
2142	南宫市	2129	13
2143	南和县	2129	14
2144	内丘县	2129	15
2145	宁晋县	2129	16
2146	平乡县	2129	17
2147	清河县	2129	18
2148	任县	2129	19
2149	沙河市	2129	20
2150	威县	2129	21
2151	新河县	2129	22
2152	邢台市	2129	23
2153	邢台县	2129	24
2154	张家口	2082	7
2155	赤城县	2154	1
2156	崇礼县	2154	2
2157	沽源县	2154	3
2158	怀安县	2154	4
2159	怀来县	2154	5
2160	康保县	2154	6
2161	色达县	2154	7
2162	石渠县	2154	8
2163	乡城县	2154	9
2164	新龙县	2154	10
2165	雅江县	2154	11
2166	泸定县	2154	12
2167	广安	2082	8
2168	广安市	2167	1
2169	华蓥市	2167	2
2170	邻水县	2167	3
2171	武胜县	2167	4
2172	岳池县	2167	5
2173	广元	2082	9
2174	苍溪县	2173	1
2175	广元市	2173	2
2176	剑阁县	2173	3
2177	青川县	2173	4
2178	旺苍县	2173	5
2179	乐山	2082	10
2180	峨边彝族自治县	2179	1
2181	峨眉山市	2179	2
2182	夹江县	2179	3
2183	井研县	2179	4
2184	乐山市	2179	5
2185	马边彝族自治县	2179	6
2186	沐川县	2179	7
2187	犍为县	2179	8
2188	凉山彝族自治州	2082	11
2189	布拖县	2188	1
2190	德昌县	2188	2
2191	甘洛县	2188	3
2192	会东县	2188	4
2193	会理县	2188	5
2194	金阳县	2188	6
2195	雷波县	2188	7
2196	美姑县	2188	8
2197	冕宁县	2188	9
2198	木里藏族自治县	2188	10
2199	宁南县	2188	11
2200	普格县	2188	12
2201	西昌市	2188	13
2202	喜德县	2188	14
2203	盐源县	2188	15
2204	越西县	2188	16
2205	昭觉县	2188	17
2206	眉山	2082	12
2207	丹棱县	2206	1
2208	洪雅县	2206	2
2209	眉山市	2206	3
2210	彭山县	2206	4
2211	青神县	2206	5
2212	仁寿县	2206	6
2213	绵阳	2082	13
2214	安县	2213	1
2215	北川羌族自治县	2213	2
2216	江油市	2213	3
2217	绵阳市	2213	4
2218	平武县	2213	5
2219	三台县	2213	6
2220	盐亭县	2213	7
2221	梓潼县	2213	8
2222	南充	2082	14
2223	南部县	2222	1
2224	南充市	2222	2
2225	蓬安县	2222	3
2226	西充县	2222	4
2227	仪陇县	2222	5
2228	营山县	2222	6
2229	阆中市	2222	7
2230	内江	2082	15
2231	隆昌县	2230	1
2232	内江市	2230	2
2233	威远县	2230	3
2234	资中县	2230	4
2235	攀枝花	2082	16
2236	米易县	2235	1
2237	攀枝花市	2235	2
2238	盐边县	2235	3
2239	遂宁	2082	17
2240	大英县	2239	1
2241	蓬溪县	2239	2
2242	射洪县	2239	3
2243	遂宁市	2239	4
2244	雅安	2082	18
2245	宝兴县	2244	1
2246	汉源县	2244	2
2247	芦山县	2244	3
2248	名山县	2244	4
2249	黄陵县	2244	5
2250	黄龙县	2244	6
2251	洛川县	2244	7
2252	吴旗县	2244	8
2253	延安市	2244	9
2254	延长县	2244	10
2255	延川县	2244	11
2256	宜川县	2244	12
2257	志丹县	2244	13
2258	子长县	2244	14
2259	陕西石棉县	2244	15
2260	天全县	2244	16
2261	雅安市	2244	17
2262	荥经县	2244	18
2263	宜宾	2082	19
2264	长宁县	2263	1
2265	高县	2263	2
2266	江安县	2263	3
2267	南溪县	2263	4
2268	屏山县	2263	5
2269	兴文县	2263	6
2270	宜宾市	2263	7
2271	宜宾县	2263	8
2272	珙县	2263	9
2273	筠连县	2263	10
2274	资阳	2082	20
2275	安岳县	2274	1
2276	简阳市	2274	2
2277	乐至县	2274	3
2278	资阳市	2274	4
2279	自贡	2082	21
2280	富顺县	2279	1
2281	荣县	2279	2
2282	自贡市	2279	3
2283	泸州	2082	22
2284	古蔺县	2283	1
2285	合江县	2283	2
2286	叙永县	2283	3
2287	泸县	2283	4
2288	泸州市	2283	5
2289	天津	0	3
2290	天津	2289	1
2291	蓟县	2290	12
2292	静海县	2290	13
2293	宁河县	2290	16
2294	和平区	2290	1
2295	西藏	0	28
2296	阿里	2295	2
2297	措勤县	2296	1
2298	噶尔县	2296	2
2299	丹棱县	2296	3
2300	洪雅县	2296	4
2301	眉山市	2296	5
2302	改则县	2296	6
2303	革吉县	2296	7
2304	普兰县	2296	8
2305	日土县	2296	9
2306	札达县	2296	10
2307	昌都	2295	3
2308	八宿县	2307	1
2309	边坝县	2307	2
2310	察雅县	2307	3
2311	昌都县	2307	4
2312	丁青县	2307	5
2313	贡觉县	2307	6
2314	江达县	2307	7
2315	类乌齐县	2307	8
2316	洛隆县	2307	9
2317	芒康县	2307	10
2318	左贡县	2307	11
2319	拉萨	2295	1
2320	达孜县	2319	2
2321	当雄县	2319	3
2322	堆龙德庆县	2319	4
2323	拉萨市	2319	1
2324	林周县	2319	5
2325	墨竹工卡县	2319	6
2326	尼木县	2319	7
2327	曲水县	2319	8
2328	林芝	2295	4
2329	波密县	2328	1
2330	察隅县	2328	2
2331	工布江达县	2328	3
2332	朗县	2328	4
2333	林芝县	2328	5
2334	米林县	2328	6
2335	墨脱县	2328	7
2336	那曲	2295	5
2337	安多县	2336	1
2338	巴青县	2336	2
2339	班戈县	2336	3
2340	比如县	2336	4
2341	嘉黎县	2336	5
2342	那曲县	2336	6
2343	尼玛县	2336	7
2344	聂荣县	2336	8
2345	申扎县	2336	9
2346	索县	2336	10
2347	日喀则	2295	6
2348	昂仁县	2347	1
2349	白朗县	2347	2
2350	定结县	2347	3
2351	定日县	2347	4
2352	岗巴县	2347	5
2353	吉隆县	2347	6
2354	江孜县	2347	7
2355	康马县	2347	8
2356	拉孜县	2347	9
2357	南木林县	2347	10
2358	聂拉木县	2347	11
2359	仁布县	2347	12
2360	日喀则市	2347	13
2361	萨嘎县	2347	14
2362	萨迦县	2347	15
2363	谢通门县	2347	16
2364	亚东县	2347	17
2365	仲巴县	2347	18
2366	山南	2295	7
2367	措美县	2366	1
2368	错那县	2366	2
2369	贡嘎县	2366	3
2370	加查县	2366	4
2371	浪卡子县	2366	5
2372	隆子县	2366	6
2373	洛扎县	2366	7
2374	乃东县	2366	8
2375	琼结县	2366	9
2376	曲松县	2366	10
2377	桑日县	2366	11
2378	扎囊县	2366	12
2379	新疆	0	29
2380	阿克苏	2379	2
2381	阿克苏市	2380	1
2382	阿瓦提县	2380	2
2383	拜城县	2380	3
2384	柯坪县	2380	4
2385	库车县	2380	5
2386	沙雅县	2380	6
2387	温宿县	2380	7
2388	乌什县	2380	8
2389	新和县	2380	9
2390	阿拉尔	2379	3
2396	阿拉尔市	2390	1
2397	巴音郭楞蒙古自治州	2379	4
2398	博湖县	2397	1
2399	和静县	2397	2
2400	和硕县	2397	3
2401	库尔勒市	2397	4
2402	轮台县	2397	5
2403	且末县	2397	6
2404	若羌县	2397	7
2405	尉犁县	2397	8
2406	焉耆回族自治县	2397	9
2407	博尔塔拉蒙古自治州	2379	5
2408	博乐市	2407	1
2409	精河县	2407	2
2410	温泉县	2407	3
2411	昌吉回族自治州	2379	6
2412	昌吉市	2411	1
2413	阜康市	2411	2
2414	呼图壁县	2411	3
2415	吉木萨尔县	2411	4
2416	玛纳斯县	2411	5
2417	米泉市	2411	6
2418	木垒哈萨克自治县	2411	7
2419	奇台县	2411	8
2420	哈密	2379	7
2421	巴里坤哈萨克自治县	2420	1
2422	哈密市	2420	2
2423	伊吾县	2420	3
2424	和田	2379	8
2425	策勒县	2424	1
2426	和田市	2424	2
2427	和田县	2424	3
2428	洛浦县	2424	4
2429	民丰县	2424	5
2430	墨玉县	2424	6
2431	皮山县	2424	7
2432	于田县	2424	8
2433	喀什	2379	9
2434	巴楚县	2433	1
2435	喀什市	2433	2
2436	麦盖提县	2433	3
2437	莎车县	2433	4
2438	疏附县	2433	5
2439	疏勒县	2433	6
2440	塔什库尔干塔吉克自治县	2433	7
2441	叶城县	2433	8
2442	英吉沙县	2433	9
2443	岳普湖县	2433	10
2444	泽普县	2433	11
2445	伽师县	2433	12
2446	克拉玛依	2379	10
2447	独山子区	2446	1
2448	克孜勒苏柯尔克孜自治州	2379	11
2449	阿合奇县	2448	1
2450	阿克陶县	2448	2
2451	阿图什市	2448	3
2452	乌恰县	2448	4
2453	石河子	2379	12
2454	石河子市	2453	1
2455	图木舒克	2379	13
2456	图木舒克市	2455	1
2457	吐鲁番	2379	14
2458	吐鲁番市	2457	1
2459	托克逊县	2457	2
2460	鄯善县	2457	3
2461	乌鲁木齐	2379	1
2462	天山区	2461	1
2463	乌鲁木齐县	2461	8
2464	五家渠	2379	15
2465	五家渠市	2464	1
2466	伊犁哈萨克自治州	2379	16
2467	阿勒泰市	2466	1
2468	布尔津县	2466	2
2469	察布查尔锡伯自治县	2466	3
2470	额敏县	2466	4
2471	福海县	2466	5
2472	富蕴县	2466	6
2473	巩留县	2466	7
2474	哈巴河县	2466	8
2475	和布克赛尔蒙古自治县	2466	9
2476	霍城县	2466	10
2477	吉木乃县	2466	11
2478	奎屯市	2466	12
2479	尼勒克县	2466	13
2480	青河县	2466	14
2481	沙湾县	2466	15
2482	塔城市	2466	16
2483	特克斯县	2466	17
2484	托里县	2466	18
2485	乌苏市	2466	19
2486	新源县	2466	20
2487	伊宁市	2466	21
2488	伊宁县	2466	22
2489	裕民县	2466	23
2490	昭苏县	2466	24
2491	云南	0	30
2492	保山	2491	4
2493	保山市	2492	1
2494	昌宁县	2492	2
2495	龙陵县	2492	3
2496	施甸县	2492	4
2497	腾冲县	2492	5
2498	楚雄	2491	6
2499	楚雄市	2498	1
2500	大姚县	2498	2
2501	禄丰县	2498	3
2502	牟定县	2498	4
2503	南华县	2498	5
2504	双柏县	2498	6
2505	武定县	2498	7
2506	姚安县	2498	8
2507	永仁县	2498	9
2508	元谋县	2498	10
2509	大理	2491	3
2510	宾川县	2509	1
2511	大理市	2509	2
2512	洱源县	2509	3
2513	鹤庆县	2509	4
2514	剑川县	2509	5
2515	弥渡县	2509	6
2516	南涧彝族自治县	2509	7
2517	巍山彝族回族自治县	2509	8
2518	祥云县	2509	9
2519	漾濞彝族自治县	2509	10
2520	永平县	2509	11
2521	云龙县	2509	12
2522	德宏	2491	8
2523	梁河县	2522	1
2524	陇川县	2522	2
2525	潞西市	2522	3
2526	瑞丽市	2522	4
2527	盈江县	2522	5
2528	迪庆	2491	9
2529	德钦县	2528	1
2530	维西傈僳族自治县	2528	2
2531	香格里拉县	2528	3
2532	红河	2491	10
2533	个旧市	2532	1
2534	河口瑶族自治县	2532	2
2535	红河县	2532	3
2536	建水县	2532	4
2537	金平苗族瑶族傣族自治县	2532	5
2538	开远市	2532	6
2539	绿春县	2532	7
2540	蒙自县	2532	8
2541	弥勒县	2532	9
2542	屏边苗族自治县	2532	10
2543	石屏县	2532	11
2544	元阳县	2532	12
2545	泸西县	2532	13
2546	昆明	2491	1
2547	安宁市	2546	14
2548	呈贡区	2546	5
2549	富民县	2546	8
2550	晋宁县	2546	7
2552	禄劝县	2546	12
2553	石林县	2546	10
2554	寻甸县	2546	13
2555	宜良县	2546	9
2556	嵩明县	2546	11
2557	丽江	2491	7
2558	华坪县	2557	1
2559	丽江市	2557	2
2560	宁蒗彝族自治县	2557	3
2561	永胜县	2557	4
2562	玉龙纳西族自治县	2557	5
2563	临沧	2491	11
2564	沧源佤族自治县	2563	1
2565	凤庆县	2563	2
2566	耿马傣族佤族治县	2563	3
2567	临沧县	2563	4
2568	双江拉祜族佤族布朗族傣族自治县	2563	5
2569	永德县	2563	6
2570	云县	2563	7
2571	镇康县	2563	8
2572	怒江	2491	13
2573	福贡县	2572	1
2574	贡山独龙族怒族自治县	2572	2
2575	兰坪白族普米族自治县	2572	3
2576	泸水县	2572	4
2577	曲靖	2491	2
2578	富源县	2577	1
2579	会泽县	2577	2
2580	陆良县	2577	3
2581	罗平县	2577	4
2582	马龙县	2577	5
2583	曲靖市	2577	6
2584	师宗县	2577	7
2585	宣威市	2577	8
2586	沾益县	2577	9
2587	思茅	2491	14
2588	江城哈尼族彝族自治县	2587	1
2589	景东彝族自治县	2587	2
2590	景谷彝族傣族自治县	2587	3
2591	澜沧拉祜族自治县	2587	4
2592	孟连傣族拉祜族佤族自治县	2587	5
2593	墨江哈尼族自治县	2587	6
2594	普洱哈尼族彝族自治县	2587	7
2595	思茅市	2587	8
2596	西盟佤族自治县	2587	9
2597	镇沅彝族哈尼族拉祜族自治县	2587	10
2598	文山	2491	15
2599	富宁县	2598	1
2600	广南县	2598	2
2601	麻栗坡县	2598	3
2602	马关县	2598	4
2603	丘北县	2598	5
2604	文山县	2598	6
2605	西畴县	2598	7
2606	砚山县	2598	8
2607	西双版纳	2491	16
2608	景洪市	2607	1
2609	勐海县	2607	2
2610	勐腊县	2607	3
2611	玉溪	2491	5
2612	澄江县	2611	1
2613	峨山彝族自治县	2611	2
2614	华宁县	2611	3
2615	江川县	2611	4
2616	通海县	2611	5
2617	新平彝族傣族自治县	2611	6
2618	易门县	2611	7
2619	玉溪市	2611	8
2620	元江哈尼族彝族傣族自治县	2611	9
2621	昭通	2491	12
2622	大关县	2621	1
2623	鲁甸县	2621	2
2624	巧家县	2621	3
2625	水富县	2621	4
2626	绥江县	2621	5
2627	威信县	2621	6
2628	盐津县	2621	7
2629	彝良县	2621	8
2630	永善县	2621	9
2631	昭通市	2621	10
2632	镇雄县	2621	11
2633	浙江	0	31
2634	杭州	2633	1
2635	上城区	2634	1
2636	淳安县	2634	9
2637	富阳市	2634	10
2638	建德市	2634	11
2639	临安市	2634	12
3017	下城区	2634	2
2640	桐庐县	2634	13
2641	湖州	2633	2
2642	湖州市	2641	1
2643	安吉县	2641	2
2644	长兴县	2641	3
2645	德清县	2641	4
2646	嘉兴	2633	3
2647	嘉兴市	2646	1
2648	海宁市	2646	2
2649	海盐县	2646	3
2650	嘉善县	2646	4
2651	平湖市	2646	5
2652	桐乡市	2646	6
2653	金华	2633	4
2654	金华市	2653	1
2655	东阳市	2653	2
2656	兰溪市	2653	3
2657	磐安县	2653	4
2658	浦江县	2653	5
2659	武义县	2653	6
2660	义乌市	2653	7
2661	永康市	2653	8
2662	丽水	2633	5
2663	丽水市	2662	1
2664	景宁县	2662	2
2665	龙泉市	2662	3
2666	青田县	2662	4
2667	庆元县	2662	5
2668	松阳县	2662	6
2669	遂昌县	2662	7
2670	云和县	2662	8
2671	缙云县	2662	9
2672	宁波	2633	6
2673	宁波市	2672	1
2674	慈溪市	2672	2
2675	奉化市	2672	3
2676	宁海县	2672	4
2677	象山县	2672	5
2678	余姚市	2672	6
2679	绍兴	2633	7
2680	绍兴市	2679	1
2681	上虞市	2679	2
2682	新昌县	2679	3
2683	诸暨市	2679	4
2684	嵊州市	2679	5
2685	台州	2633	8
2686	台州市	2685	1
2687	椒江区	2685	2
2688	黄岩区	2685	3
2689	路桥区	2685	4
2690	临海市	2685	5
2691	温岭市	2685	6
2692	三门县	2685	7
2693	天台县	2685	8
2694	仙居县	2685	9
2695	玉环县	2685	10
2696	温州	2633	9
2697	温州市	2696	1
2698	苍南县	2696	2
2699	洞头县	2696	3
2700	乐清市	2696	4
2701	平阳县	2696	5
2702	瑞安市	2696	6
2703	泰顺县	2696	7
2704	文成县	2696	8
2705	永嘉县	2696	9
2706	舟山	2633	10
2707	舟山市	2706	1
2708	岱山县	2706	2
2709	嵊泗县	2706	3
2710	衢州	2633	11
2711	衢州市	2710	1
2712	常山县	2710	2
2713	江山市	2710	3
2714	开化县	2710	4
2715	龙游县	2710	5
2716	重庆	0	4
2717	重庆	2716	2
2718	城口县	2717	1
2719	大足县	2717	2
2720	垫江县	2717	3
2721	丰都县	2717	4
2722	奉节县	2717	5
2723	合川市	2717	6
2724	江津市	2717	7
2725	开县	2717	8
2726	梁平县	2717	9
2727	南川市	2717	10
2728	彭水苗族土家族自治县	2717	11
2729	荣昌县	2717	12
2730	石柱土家族自治县	2717	13
2731	铜梁县	2717	14
2732	巫山县	2717	15
2733	巫溪县	2717	16
2734	武隆县	2717	17
2735	秀山土家族苗族自治县	2717	18
2736	永川市	2717	19
2737	酉阳土家族苗族自治县	2717	20
2738	云阳县	2717	21
2739	忠县	2717	22
2741	潼南县	2717	23
2742	璧山县	2717	24
2743	綦江县	2717	25
2744	香港	0	33
2745	香港岛	2744	1
2746	中西区	2745	1
2747	湾仔区	2745	2
2748	东区	2745	3
2749	南区	2745	4
2750	九龙半岛	2744	2
2751	油尖旺区	2750	1
2752	深水涉区	2750	2
2753	九龙城区	2750	3
2754	黄大仙区	2750	4
2755	观塘区	2750	5
2756	新界本土	2744	3
2757	沙田区	2756	1
2758	大埔区	2756	2
2759	北区	2756	3
2760	荃湾区	2756	4
2761	葵青区	2756	5
2762	屯门区	2756	6
2763	元朗区	2756	7
2764	西贡区	2756	8
2765	新界离岛	2744	4
2766	离岛区	2765	1
2767	澳门	0	32
2768	澳门半岛	2767	1
2769	圣安多尼堂区(花王堂区)	2768	1
2770	望德堂区	2768	2
2771	圣老楞佐堂区(风顺堂区)	2768	3
2772	大堂堂区	2768	4
2773	花地玛堂区	2768	5
2774	氹仔岛	2767	2
2775	氹仔	2774	1
2776	路环岛	2767	3
2777	路环	2776	1
2876	渝中区	2875	1
2778	台湾	0	34
2779	台北	2778	1
2780	中正区	2779	1
2781	五华区	2546	1
2782	盘龙区	2546	2
2783	官渡区	2546	3
2784	西山区	2546	4
2785	东川区	2546	6
2789	夏港	2786	4
2790	申港	2786	5
2791	璜土	2786	6
2792	利港	2786	7
2793	月城	2786	8
2794	青阳	2786	9
2795	徐霞客	2786	10
2796	南闸	2786	11
2797	云亭	2786	12
2798	华士	2786	13
2799	周庄	2786	14
2800	新桥	2786	15
2801	长泾	2786	16
2802	顾山	2786	17
2803	祝塘	2786	3
2804	崇安区	1335	1
2805	南长区	1335	2
2806	北塘区	1335	3
2807	滨湖区	1335	4
2808	惠山区	1335	5
2809	锡山区	1335	6
2813	江阴经济开发区	2786	18
2814	市区	2786	1
2817	天心区	1122	2
2818	岳麓区	1122	3
2819	开福区	1122	4
2820	雨花区	1122	5
2821	望城区	1122	6
2822	庐阳区	43	7
2823	蜀山区	43	6
2824	瑶海区	43	5
2825	西城区	98	2
2826	海淀区	98	3
2827	朝阳区	98	4
2828	丰台区	98	5
2829	石景山区	98	6
2830	通州区	98	7
2831	顺义区	98	8
2832	房山区	98	9
2833	大兴区	98	10
2834	昌平区	98	11
2835	怀柔区	98	12
2836	平谷区	98	13
2837	门头沟区	98	14
2838	白下区	1304	2
2839	秦淮区	1304	3
2840	鼓楼区	1304	4
2841	下关区	1304	5
2842	建邺区	1304	6
2843	雨花台区	1304	7
2844	浦口区	1304	8
2845	六合区	1304	9
2846	栖霞区	1304	10
2847	江宁区	1304	11
2848	徐汇区	2079	2
2849	长宁区	2079	3
2850	静安区	2079	4
2851	普陀区	2079	5
2852	闸北区	2079	6
2853	虹口区	2079	7
2854	杨浦区	2079	8
2855	闵行区	2079	9
2856	宝山区	2079	10
2857	嘉定区	2079	11
2858	浦东新区	2079	12
2859	金山区	2079	13
2860	松江区	2079	14
2861	青浦区	2079	15
2862	奉贤区	2079	16
2863	河西区	2290	2
2864	南开区	2290	3
2865	河东区	2290	4
2866	河北区	2290	5
2867	红桥区	2290	6
2868	东丽区	2290	7
2869	津南区	2290	8
2870	西青区	2290	9
2871	北辰区	2290	10
2872	滨海新区	2290	11
2873	武清区	2290	14
2874	宝坻区	2290	15
2875	重庆市区	2716	1
2877	大渡口区	2875	2
2878	江北区	2875	3
2879	沙坪坝区	2875	4
2880	九龙坡区	2875	5
2881	南岸区	2875	6
2882	北碚区	2875	7
2883	綦江区	2875	8
2884	双桥区	2875	9
2885	渝北区	2875	10
2886	巴南区	2875	11
2887	万州区	2875	12
2888	涪陵区	2875	13
2889	黔江区	2875	14
2890	长寿区	2875	15
2891	江津区	2875	16
2892	合川区	2875	17
2893	永川区	2875	18
2894	南川区	2875	19
2895	七里河区	216	2
2896	西固区	216	3
2897	安宁区	216	4
2898	红古区	216	5
2899	荔湾区	285	2
2900	海珠区	285	3
2901	天河区	285	4
2902	白云区	285	5
2903	黄埔区	285	6
2904	番禺区	285	7
2905	花都区	285	8
2906	南沙区	285	9
2907	萝岗区	285	10
2908	江南区	466	3
2909	良庆区	466	2
2910	西乡塘区	466	4
2911	兴宁区	466	5
2912	邕宁区	466	6
2913	云岩区	509	2
2914	观山湖区	509	3
2915	花溪区	509	4
2916	乌当区	509	5
2917	白云区	509	6
2918	台江区	103	2
2919	仓山区	103	3
2920	晋安区	103	4
2921	马尾区	103	5
2922	琅岐经济区	103	6
2923	龙华区	597	2
2924	秀英区	597	3
2925	美兰区	597	4
2926	桥西区	717	2
2927	桥东区	717	3
2928	长安区	717	4
2929	裕华区	717	5
2930	井陉矿区	717	6
2931	二七区	884	2
2932	金水区	884	3
2933	管城区	884	4
2934	上街区	884	5
2935	惠济区	884	6
2936	高新区	884	8
2937	经开区	884	7
2938	郑东新区	884	9
2939	道里区	937	1
2940	南岗区	937	2
2941	道外区	937	3
2942	香坊区	937	6
2943	平房区	937	4
2944	呼兰区	937	7
2945	阿城区	937	8
2946	江汉区	1075	2
2947	硚口区	1075	3
2948	汉阳区	1075	4
2949	武昌区	1075	5
2950	洪山区	1075	6
2951	青山区	1075	7
2952	东西湖区	1075	8
2953	汉南区	1075	9
2954	蔡甸区	1075	10
2955	江夏区	1075	11
2956	黄陂区	1075	12
2957	新洲区	1075	13
2958	武汉经济技术开发区	1075	14
2960	朝阳区	1242	4
2961	二道区	1242	5
2962	绿园区	1242	3
2963	双阳区	1242	6
2964	西湖区	1429	2
2965	青山湖区	1429	3
2966	青云谱区	1429	4
2967	东陵区	1528	2
2968	和平区	1528	3
2969	皇姑区	1528	4
2970	沈北新区	1528	5
2971	沈河区	1528	6
2972	苏家屯区	1528	7
2973	铁西区	1528	8
2974	于洪区	1528	9
2975	赛罕区	1587	2
2976	回民区	1587	3
2977	玉泉区	1587	4
2978	金凤区	1671	2
2979	西夏区	1671	3
2980	城东区	1713	2
2981	城西区	1713	3
2982	城北区	1713	4
2983	海湖新区	1713	5
2984	历下区	1762	2
2985	天桥区	1762	3
2986	槐荫区	1762	4
2987	历城区	1762	5
2988	长清区	1762	6
2989	迎泽区	1932	2
2990	小店区	1932	3
2991	尖草坪区	1932	4
2992	万柏林区	1932	5
2993	晋源区	1932	6
2994	榆次区	1932	7
2995	碑林区	2032	2
2996	莲湖区	2032	3
2997	雁塔区	2032	4
2998	未央区	2032	5
2999	灞桥区	2032	6
3000	长安区	2032	7
3001	阎良区	2032	8
3002	临潼区	2032	9
3003	金牛区	2102	2
3004	锦江区	2102	3
3005	青羊区	2102	4
3006	成华区	2102	5
3007	龙泉驿区	2102	6
3008	温江区	2102	7
3009	新都区	2102	8
3010	青白江区	2102	9
3011	沙依巴克区	2461	2
3012	高新区	2461	3
3013	水磨沟区	2461	4
3014	头屯河区	2461	5
3015	达坂城区	2461	6
3016	米东区	2461	7
3018	江干区	2634	3
3019	拱墅区	2634	4
3020	西湖区	2634	5
3021	滨江区	2634	6
3022	萧山区	2634	7
3023	余杭区	2634	8
3024	基隆	2778	2
3025	新竹	2778	3
3026	台中	2778	4
3027	嘉义	2778	5
3028	台南	2778	6
3029	宜兰	2778	7
3030	桃园	2778	8
3031	苗栗	2778	9
3032	彰化	2778	10
3033	南投	2778	11
3034	云林	2778	12
3035	高雄	2778	13
3036	屏东	2778	14
3037	台东	2778	15
3038	花莲	2778	16
3039	澎湖	2778	17
3040	大同区	2779	2
3041	中山区	2779	3
3042	松山区	2779	4
3043	大安区	2779	5
3044	万华区	2779	6
3045	信义区	2779	7
3046	士林区	2779	8
3047	北投区	2779	9
3048	内湖区	2779	10
3049	南港区	2779	11
3050	文山区	2779	12
3051	基隆	3024	1
3052	新竹	3025	1
3053	台中	3026	1
3054	嘉义	3027	1
3055	台南	3028	1
3056	宜兰	3029	1
3057	桃园	3030	1
3058	苗栗	3031	1
3059	彰化	3032	1
3060	南投	3033	1
3061	云林	3034	1
3062	高雄	3035	1
3063	屏东	3036	1
3064	台东	3037	1
3065	花莲	3038	1
3066	澎湖	3039	1
3067	罗湖区	355	2
3068	南山区	355	3
3069	盐田区	355	4
3070	宝安区	355	5
3071	龙岗区	355	6
3074	红岗区	927	4
3075	大同区	927	5
3076	加格达奇区	933	1
3077	松岭区	933	2
3078	新林区	933	3
3079	呼中区	933	4
3080	三沙市	584	12
3081	克拉玛依区	2446	2
3082	白碱滩区	2446	3
3083	乌尔禾区	2446	4
3086	中宁县	3084	2
3087	海原县	3084	3